999
dxflib 3.12.2.0
  0
SECTION
  2
HEADER
  9
$ACADVER
  1
AC1015
  9
$HANDSEED
  5
FFFF
  0
ENDSEC
  0
SECTION
  2
TABLES
  0
TABLE
  2
VPORT
  5
8
100
AcDbSymbolTable
 70
1
  0
VPORT
  5
30
100
AcDbSymbolTableRecord
100
AcDbViewportTableRecord
  2
*Active
 70
0
 10
0.0
 20
0.0
 11
1.0
 21
1.0
 12
286.30555555555549
 22
148.5
 13
0.0
 23
0.0
 14
10.0
 24
10.0
 15
10.0
 25
10.0
 16
0.0
 26
0.0
 36
1.0
 17
0.0
 27
0.0
 37
0.0
 40
297.0
 41
1.92798353909465
 42
50.0
 43
0.0
 44
0.0
 50
0.0
 51
0.0
 71
0
 72
100
 73
1
 74
3
 75
1
 76
1
 77
0
 78
0
281
0
 65
1
110
0.0
120
0.0
130
0.0
111
1.0
121
0.0
131
0.0
112
0.0
122
1.0
132
0.0
 79
0
146
0.0
  0
ENDTAB
  0
TABLE
  2
LTYPE
  5
5
100
AcDbSymbolTable
 70
1
  0
LTYPE
  5
16
100
AcDbSymbolTableRecord
100
AcDbLinetypeTableRecord
  2
CONTINUOUS
 70
0
  3
Solid line
 72
65
 73
0
 40
0.0
  0
LTYPE
  5
15
100
AcDbSymbolTableRecord
100
AcDbLinetypeTableRecord
  2
BYLAYER
 70
0
  3

 72
65
 73
0
 40
0.0
  0
LTYPE
  5
14
100
AcDbSymbolTableRecord
100
AcDbLinetypeTableRecord
  2
BYBLOCK
 70
0
  3

 72
65
 73
0
 40
0.0
  0
ENDTAB
  0
TABLE
  2
LAYER
  5
2
100
AcDbSymbolTable
 70
1
  0
LAYER
  5
10
100
AcDbSymbolTableRecord
100
AcDbLayerTableRecord
  2
0
 70
0
 62
250
420
0
  6
CONTINUOUS
370
100
390
F
  0
ENDTAB
  0
TABLE
  2
STYLE
  5
3
100
AcDbSymbolTable
 70
1
  0
STYLE
  5
31
100
AcDbSymbolTableRecord
100
AcDbTextStyleTableRecord
  2
Standard
 70
0
 40
0.0
 41
1.0
 50
0.0
 71
0
 42
2.5
  3

  4

1001
ACAD
1000
txt
1071
0
  0
ENDTAB
  0
TABLE
  2
VIEW
  5
6
100
AcDbSymbolTable
 70
0
  0
ENDTAB
  0
TABLE
  2
UCS
  5
7
100
AcDbSymbolTable
 70
0
  0
ENDTAB
  0
TABLE
  2
APPID
  5
9
100
AcDbSymbolTable
 70
1
  0
APPID
  5
12
100
AcDbSymbolTableRecord
100
AcDbRegAppTableRecord
  2
ACAD
 70
0
  0
ENDTAB
  0
TABLE
  2
DIMSTYLE
  5
A
100
AcDbSymbolTable
 70
1
100
AcDbDimStyleTable
 71
0
  0
DIMSTYLE
105
27
100
AcDbSymbolTableRecord
100
AcDbDimStyleTableRecord
  2
Standard
 41
2.5
 42
0.625
 43
3.75
 44
0.625
 70
0
 73
0
 74
0
 77
1
 78
8
140
2.5
141
2.5
143
0.03937007874016
147
0.625
171
3
172
1
271
2
272
2
274
3
278
44
283
0
284
8
340
31
  0
ENDTAB
  0
TABLE
  2
BLOCK_RECORD
  5
1
100
AcDbSymbolTable
 70
1
  0
BLOCK_RECORD
  5
1F
100
AcDbSymbolTableRecord
100
AcDbBlockTableRecord
  2
*Model_Space
340
22
  0
BLOCK_RECORD
  5
1B
100
AcDbSymbolTableRecord
100
AcDbBlockTableRecord
  2
*Paper_Space
340
1E
  0
BLOCK_RECORD
  5
23
100
AcDbSymbolTableRecord
100
AcDbBlockTableRecord
  2
*Paper_Space0
340
26
  0
ENDTAB
  0
ENDSEC
  0
SECTION
  2
ENTITIES
  0
LWPOLYLINE
  5
32
  8
mainlayer
 62
204
370
-100
 48
1.0
  6
BYLAYER
100
AcDbEntity
100
AcDbPolyline
 90
43
 70
0
 10
136.0
 20
61.0
 30
0.0
 10
137.0
 20
61.0
 30
0.0
 10
138.0
 20
61.0
 30
0.0
 10
139.0
 20
62.0
 30
0.0
 10
140.0
 20
62.0
 30
0.0
 10
141.0
 20
62.0
 30
0.0
 10
142.0
 20
62.0
 30
0.0
 10
143.0
 20
62.0
 30
0.0
 10
144.0
 20
62.0
 30
0.0
 10
145.0
 20
62.0
 30
0.0
 10
146.0
 20
62.0
 30
0.0
 10
147.0
 20
62.0
 30
0.0
 10
148.0
 20
61.0
 30
0.0
 10
149.0
 20
61.0
 30
0.0
 10
150.0
 20
62.0
 30
0.0
 10
151.0
 20
63.0
 30
0.0
 10
152.0
 20
64.0
 30
0.0
 10
153.0
 20
64.0
 30
0.0
 10
154.0
 20
64.0
 30
0.0
 10
155.0
 20
64.0
 30
0.0
 10
156.0
 20
65.0
 30
0.0
 10
156.0
 20
66.0
 30
0.0
 10
157.0
 20
67.0
 30
0.0
 10
157.0
 20
68.0
 30
0.0
 10
158.0
 20
69.0
 30
0.0
 10
159.0
 20
70.0
 30
0.0
 10
160.0
 20
71.0
 30
0.0
 10
160.0
 20
72.0
 30
0.0
 10
160.0
 20
73.0
 30
0.0
 10
160.0
 20
74.0
 30
0.0
 10
160.0
 20
75.0
 30
0.0
 10
160.0
 20
76.0
 30
0.0
 10
160.0
 20
77.0
 30
0.0
 10
160.0
 20
78.0
 30
0.0
 10
160.0
 20
79.0
 30
0.0
 10
160.0
 20
80.0
 30
0.0
 10
161.0
 20
81.0
 30
0.0
 10
161.0
 20
82.0
 30
0.0
 10
161.0
 20
83.0
 30
0.0
 10
161.0
 20
84.0
 30
0.0
 10
161.0
 20
85.0
 30
0.0
 10
161.0
 20
86.0
 30
0.0
 10
161.0
 20
87.0
 30
0.0
 10
161.0
 20
87.0
 30
0.0
  0
LWPOLYLINE
  5
33
  8
mainlayer
 62
204
370
-100
 48
1.0
  6
BYLAYER
100
AcDbEntity
100
AcDbPolyline
 90
86
 70
0
 10
50.0
 20
95.0
 30
0.0
 10
51.0
 20
95.0
 30
0.0
 10
52.0
 20
95.0
 30
0.0
 10
53.0
 20
95.0
 30
0.0
 10
54.0
 20
95.0
 30
0.0
 10
55.0
 20
95.0
 30
0.0
 10
56.0
 20
95.0
 30
0.0
 10
57.0
 20
95.0
 30
0.0
 10
58.0
 20
95.0
 30
0.0
 10
59.0
 20
95.0
 30
0.0
 10
60.0
 20
95.0
 30
0.0
 10
61.0
 20
95.0
 30
0.0
 10
62.0
 20
95.0
 30
0.0
 10
63.0
 20
95.0
 30
0.0
 10
64.0
 20
95.0
 30
0.0
 10
65.0
 20
95.0
 30
0.0
 10
66.0
 20
96.0
 30
0.0
 10
67.0
 20
96.0
 30
0.0
 10
68.0
 20
96.0
 30
0.0
 10
69.0
 20
96.0
 30
0.0
 10
70.0
 20
96.0
 30
0.0
 10
71.0
 20
97.0
 30
0.0
 10
72.0
 20
97.0
 30
0.0
 10
73.0
 20
97.0
 30
0.0
 10
74.0
 20
98.0
 30
0.0
 10
75.0
 20
98.0
 30
0.0
 10
76.0
 20
99.0
 30
0.0
 10
77.0
 20
100.0
 30
0.0
 10
78.0
 20
101.0
 30
0.0
 10
79.0
 20
102.0
 30
0.0
 10
80.0
 20
102.0
 30
0.0
 10
81.0
 20
103.0
 30
0.0
 10
82.0
 20
104.0
 30
0.0
 10
83.0
 20
105.0
 30
0.0
 10
84.0
 20
105.0
 30
0.0
 10
85.0
 20
106.0
 30
0.0
 10
86.0
 20
107.0
 30
0.0
 10
87.0
 20
108.0
 30
0.0
 10
88.0
 20
109.0
 30
0.0
 10
88.0
 20
110.0
 30
0.0
 10
89.0
 20
111.0
 30
0.0
 10
90.0
 20
112.0
 30
0.0
 10
91.0
 20
112.0
 30
0.0
 10
92.0
 20
112.0
 30
0.0
 10
93.0
 20
113.0
 30
0.0
 10
94.0
 20
113.0
 30
0.0
 10
95.0
 20
114.0
 30
0.0
 10
96.0
 20
115.0
 30
0.0
 10
97.0
 20
116.0
 30
0.0
 10
98.0
 20
117.0
 30
0.0
 10
99.0
 20
118.0
 30
0.0
 10
100.0
 20
119.0
 30
0.0
 10
101.0
 20
120.0
 30
0.0
 10
102.0
 20
121.0
 30
0.0
 10
102.0
 20
122.0
 30
0.0
 10
103.0
 20
123.0
 30
0.0
 10
104.0
 20
124.0
 30
0.0
 10
105.0
 20
125.0
 30
0.0
 10
106.0
 20
125.0
 30
0.0
 10
107.0
 20
126.0
 30
0.0
 10
108.0
 20
127.0
 30
0.0
 10
109.0
 20
127.0
 30
0.0
 10
110.0
 20
128.0
 30
0.0
 10
111.0
 20
129.0
 30
0.0
 10
112.0
 20
130.0
 30
0.0
 10
113.0
 20
131.0
 30
0.0
 10
114.0
 20
132.0
 30
0.0
 10
115.0
 20
133.0
 30
0.0
 10
116.0
 20
133.0
 30
0.0
 10
117.0
 20
134.0
 30
0.0
 10
118.0
 20
134.0
 30
0.0
 10
119.0
 20
135.0
 30
0.0
 10
120.0
 20
135.0
 30
0.0
 10
121.0
 20
135.0
 30
0.0
 10
122.0
 20
135.0
 30
0.0
 10
123.0
 20
136.0
 30
0.0
 10
124.0
 20
136.0
 30
0.0
 10
125.0
 20
136.0
 30
0.0
 10
126.0
 20
137.0
 30
0.0
 10
127.0
 20
137.0
 30
0.0
 10
128.0
 20
137.0
 30
0.0
 10
129.0
 20
138.0
 30
0.0
 10
130.0
 20
138.0
 30
0.0
 10
131.0
 20
139.0
 30
0.0
 10
132.0
 20
139.0
 30
0.0
 10
133.0
 20
139.0
 30
0.0
 10
133.0
 20
139.0
 30
0.0
  0
LWPOLYLINE
  5
34
  8
mainlayer
 62
204
370
-100
 48
1.0
  6
BYLAYER
100
AcDbEntity
100
AcDbPolyline
 90
31
 70
0
 10
239.0
 20
96.0
 30
0.0
 10
239.0
 20
97.0
 30
0.0
 10
239.0
 20
98.0
 30
0.0
 10
239.0
 20
99.0
 30
0.0
 10
239.0
 20
100.0
 30
0.0
 10
239.0
 20
101.0
 30
0.0
 10
239.0
 20
102.0
 30
0.0
 10
239.0
 20
103.0
 30
0.0
 10
239.0
 20
104.0
 30
0.0
 10
239.0
 20
105.0
 30
0.0
 10
239.0
 20
106.0
 30
0.0
 10
239.0
 20
107.0
 30
0.0
 10
239.0
 20
108.0
 30
0.0
 10
239.0
 20
109.0
 30
0.0
 10
239.0
 20
110.0
 30
0.0
 10
239.0
 20
111.0
 30
0.0
 10
239.0
 20
112.0
 30
0.0
 10
239.0
 20
113.0
 30
0.0
 10
239.0
 20
114.0
 30
0.0
 10
239.0
 20
115.0
 30
0.0
 10
239.0
 20
116.0
 30
0.0
 10
239.0
 20
117.0
 30
0.0
 10
239.0
 20
118.0
 30
0.0
 10
239.0
 20
119.0
 30
0.0
 10
239.0
 20
120.0
 30
0.0
 10
239.0
 20
121.0
 30
0.0
 10
239.0
 20
122.0
 30
0.0
 10
239.0
 20
123.0
 30
0.0
 10
239.0
 20
124.0
 30
0.0
 10
239.0
 20
125.0
 30
0.0
 10
239.0
 20
125.0
 30
0.0
 10
239.0
 20
125.0
 30
0.0
  0
LWPOLYLINE
  5
35
  8
mainlayer
 62
204
370
-100
 48
1.0
  6
BYLAYER
100
AcDbEntity
100
AcDbPolyline
 90
126
 70
0
 10
179.0
 20
126.0
 30
0.0
 10
180.0
 20
126.0
 30
0.0
 10
181.0
 20
126.0
 30
0.0
 10
182.0
 20
126.0
 30
0.0
 10
183.0
 20
126.0
 30
0.0
 10
184.0
 20
126.0
 30
0.0
 10
185.0
 20
126.0
 30
0.0
 10
186.0
 20
126.0
 30
0.0
 10
187.0
 20
126.0
 30
0.0
 10
188.0
 20
126.0
 30
0.0
 10
189.0
 20
126.0
 30
0.0
 10
190.0
 20
126.0
 30
0.0
 10
191.0
 20
126.0
 30
0.0
 10
192.0
 20
126.0
 30
0.0
 10
193.0
 20
126.0
 30
0.0
 10
194.0
 20
126.0
 30
0.0
 10
195.0
 20
126.0
 30
0.0
 10
196.0
 20
126.0
 30
0.0
 10
197.0
 20
126.0
 30
0.0
 10
198.0
 20
126.0
 30
0.0
 10
199.0
 20
126.0
 30
0.0
 10
200.0
 20
126.0
 30
0.0
 10
201.0
 20
126.0
 30
0.0
 10
202.0
 20
126.0
 30
0.0
 10
203.0
 20
126.0
 30
0.0
 10
204.0
 20
126.0
 30
0.0
 10
205.0
 20
126.0
 30
0.0
 10
206.0
 20
126.0
 30
0.0
 10
207.0
 20
126.0
 30
0.0
 10
208.0
 20
126.0
 30
0.0
 10
209.0
 20
126.0
 30
0.0
 10
210.0
 20
126.0
 30
0.0
 10
211.0
 20
126.0
 30
0.0
 10
212.0
 20
126.0
 30
0.0
 10
213.0
 20
126.0
 30
0.0
 10
214.0
 20
126.0
 30
0.0
 10
215.0
 20
126.0
 30
0.0
 10
216.0
 20
126.0
 30
0.0
 10
217.0
 20
126.0
 30
0.0
 10
218.0
 20
126.0
 30
0.0
 10
219.0
 20
126.0
 30
0.0
 10
220.0
 20
126.0
 30
0.0
 10
221.0
 20
126.0
 30
0.0
 10
222.0
 20
126.0
 30
0.0
 10
223.0
 20
126.0
 30
0.0
 10
224.0
 20
126.0
 30
0.0
 10
225.0
 20
126.0
 30
0.0
 10
226.0
 20
126.0
 30
0.0
 10
227.0
 20
126.0
 30
0.0
 10
228.0
 20
126.0
 30
0.0
 10
229.0
 20
126.0
 30
0.0
 10
230.0
 20
126.0
 30
0.0
 10
231.0
 20
126.0
 30
0.0
 10
232.0
 20
126.0
 30
0.0
 10
233.0
 20
126.0
 30
0.0
 10
234.0
 20
126.0
 30
0.0
 10
235.0
 20
126.0
 30
0.0
 10
236.0
 20
126.0
 30
0.0
 10
237.0
 20
126.0
 30
0.0
 10
238.0
 20
126.0
 30
0.0
 10
239.0
 20
126.0
 30
0.0
 10
240.0
 20
126.0
 30
0.0
 10
241.0
 20
126.0
 30
0.0
 10
242.0
 20
126.0
 30
0.0
 10
243.0
 20
126.0
 30
0.0
 10
244.0
 20
126.0
 30
0.0
 10
245.0
 20
126.0
 30
0.0
 10
246.0
 20
126.0
 30
0.0
 10
247.0
 20
126.0
 30
0.0
 10
248.0
 20
126.0
 30
0.0
 10
249.0
 20
126.0
 30
0.0
 10
250.0
 20
126.0
 30
0.0
 10
251.0
 20
126.0
 30
0.0
 10
252.0
 20
126.0
 30
0.0
 10
253.0
 20
126.0
 30
0.0
 10
254.0
 20
126.0
 30
0.0
 10
255.0
 20
126.0
 30
0.0
 10
256.0
 20
126.0
 30
0.0
 10
257.0
 20
126.0
 30
0.0
 10
258.0
 20
126.0
 30
0.0
 10
259.0
 20
126.0
 30
0.0
 10
260.0
 20
126.0
 30
0.0
 10
261.0
 20
126.0
 30
0.0
 10
262.0
 20
126.0
 30
0.0
 10
263.0
 20
126.0
 30
0.0
 10
264.0
 20
126.0
 30
0.0
 10
265.0
 20
126.0
 30
0.0
 10
266.0
 20
126.0
 30
0.0
 10
267.0
 20
126.0
 30
0.0
 10
268.0
 20
126.0
 30
0.0
 10
269.0
 20
126.0
 30
0.0
 10
270.0
 20
126.0
 30
0.0
 10
271.0
 20
126.0
 30
0.0
 10
272.0
 20
126.0
 30
0.0
 10
273.0
 20
126.0
 30
0.0
 10
274.0
 20
126.0
 30
0.0
 10
275.0
 20
126.0
 30
0.0
 10
276.0
 20
126.0
 30
0.0
 10
277.0
 20
126.0
 30
0.0
 10
278.0
 20
126.0
 30
0.0
 10
279.0
 20
126.0
 30
0.0
 10
280.0
 20
126.0
 30
0.0
 10
281.0
 20
126.0
 30
0.0
 10
282.0
 20
126.0
 30
0.0
 10
283.0
 20
126.0
 30
0.0
 10
284.0
 20
126.0
 30
0.0
 10
285.0
 20
126.0
 30
0.0
 10
286.0
 20
126.0
 30
0.0
 10
287.0
 20
126.0
 30
0.0
 10
288.0
 20
126.0
 30
0.0
 10
289.0
 20
126.0
 30
0.0
 10
290.0
 20
126.0
 30
0.0
 10
291.0
 20
126.0
 30
0.0
 10
292.0
 20
126.0
 30
0.0
 10
293.0
 20
126.0
 30
0.0
 10
294.0
 20
126.0
 30
0.0
 10
295.0
 20
126.0
 30
0.0
 10
296.0
 20
126.0
 30
0.0
 10
297.0
 20
126.0
 30
0.0
 10
298.0
 20
126.0
 30
0.0
 10
299.0
 20
126.0
 30
0.0
 10
300.0
 20
126.0
 30
0.0
 10
301.0
 20
126.0
 30
0.0
 10
302.0
 20
126.0
 30
0.0
 10
303.0
 20
126.0
 30
0.0
 10
304.0
 20
126.0
 30
0.0
 10
304.0
 20
126.0
 30
0.0
  0
LWPOLYLINE
  5
36
  8
mainlayer
 62
204
370
-100
 48
1.0
  6
BYLAYER
100
AcDbEntity
100
AcDbPolyline
 90
56
 70
0
 10
239.0
 20
127.0
 30
0.0
 10
239.0
 20
128.0
 30
0.0
 10
239.0
 20
129.0
 30
0.0
 10
239.0
 20
130.0
 30
0.0
 10
239.0
 20
131.0
 30
0.0
 10
239.0
 20
132.0
 30
0.0
 10
239.0
 20
133.0
 30
0.0
 10
239.0
 20
134.0
 30
0.0
 10
239.0
 20
135.0
 30
0.0
 10
239.0
 20
136.0
 30
0.0
 10
239.0
 20
137.0
 30
0.0
 10
239.0
 20
138.0
 30
0.0
 10
239.0
 20
139.0
 30
0.0
 10
239.0
 20
140.0
 30
0.0
 10
239.0
 20
141.0
 30
0.0
 10
239.0
 20
142.0
 30
0.0
 10
239.0
 20
143.0
 30
0.0
 10
239.0
 20
144.0
 30
0.0
 10
239.0
 20
145.0
 30
0.0
 10
239.0
 20
146.0
 30
0.0
 10
239.0
 20
147.0
 30
0.0
 10
239.0
 20
148.0
 30
0.0
 10
239.0
 20
149.0
 30
0.0
 10
239.0
 20
150.0
 30
0.0
 10
239.0
 20
151.0
 30
0.0
 10
239.0
 20
152.0
 30
0.0
 10
239.0
 20
153.0
 30
0.0
 10
239.0
 20
154.0
 30
0.0
 10
239.0
 20
155.0
 30
0.0
 10
239.0
 20
156.0
 30
0.0
 10
239.0
 20
157.0
 30
0.0
 10
239.0
 20
158.0
 30
0.0
 10
239.0
 20
159.0
 30
0.0
 10
239.0
 20
160.0
 30
0.0
 10
239.0
 20
161.0
 30
0.0
 10
239.0
 20
162.0
 30
0.0
 10
239.0
 20
163.0
 30
0.0
 10
239.0
 20
164.0
 30
0.0
 10
239.0
 20
165.0
 30
0.0
 10
239.0
 20
166.0
 30
0.0
 10
239.0
 20
167.0
 30
0.0
 10
239.0
 20
168.0
 30
0.0
 10
239.0
 20
169.0
 30
0.0
 10
239.0
 20
170.0
 30
0.0
 10
239.0
 20
171.0
 30
0.0
 10
239.0
 20
172.0
 30
0.0
 10
239.0
 20
173.0
 30
0.0
 10
239.0
 20
174.0
 30
0.0
 10
239.0
 20
175.0
 30
0.0
 10
239.0
 20
176.0
 30
0.0
 10
239.0
 20
177.0
 30
0.0
 10
239.0
 20
178.0
 30
0.0
 10
239.0
 20
179.0
 30
0.0
 10
239.0
 20
180.0
 30
0.0
 10
239.0
 20
181.0
 30
0.0
 10
239.0
 20
182.0
 30
0.0
 10
239.0
 20
182.0
 30
0.0
  0
ENDSEC
  0
SECTION
  2
OBJECTS
  0
DICTIONARY
  5
C
100
AcDbDictionary
280
0
281
1
  3
ACAD_GROUP
350
D
  3
ACAD_LAYOUT
350
1A
  3
ACAD_MLINESTYLE
350
17
  3
ACAD_PLOTSETTINGS
350
19
  3
ACAD_PLOTSTYLENAME
350
E
  3
AcDbVariableDictionary
350
37
  3
MY_OBJECTS
350
38
  0
DICTIONARY
  5
D
100
AcDbDictionary
280
0
281
1
  0
ACDBDICTIONARYWDFLT
  5
E
100
AcDbDictionary
281
1
  3
Normal
350
F
100
AcDbDictionaryWithDefault
340
F
  0
ACDBPLACEHOLDER
  5
F
  0
DICTIONARY
  5
17
100
AcDbDictionary
280
0
281
1
  3
Standard
350
18
  0
MLINESTYLE
  5
18
100
AcDbMlineStyle
  2
STANDARD
 70
0
  3

 62
256
 51
90.0
 52
90.0
 71
2
 49
0.5
 62
256
  6
BYLAYER
 49
-0.5
 62
256
  6
BYLAYER
  0
DICTIONARY
  5
19
100
AcDbDictionary
280
0
281
1
  0
DICTIONARY
  5
1A
100
AcDbDictionary
281
1
  3
Layout1
350
1E
  3
Layout2
350
26
  3
Model
350
22
  0
LAYOUT
  5
1E
100
AcDbPlotSettings
  1

  2
none_device
  4

  6

 40
0.0
 41
0.0
 42
0.0
 43
0.0
 44
0.0
 45
0.0
 46
0.0
 47
0.0
 48
0.0
 49
0.0
140
0.0
141
0.0
142
1.0
143
1.0
 70
688
 72
0
 73
0
 74
5
  7

 75
16
147
1.0
148
0.0
149
0.0
100
AcDbLayout
  1
Layout1
 70
1
 71
1
 10
0.0
 20
0.0
 11
420.0
 21
297.0
 12
0.0
 22
0.0
 32
0.0
 14
100000000000000000000.0
 24
100000000000000000000.0
 34
100000000000000000000.0
 15
-100000000000000000000.0
 25
-100000000000000000000.0
 35
-100000000000000000000.0
146
0.0
 13
0.0
 23
0.0
 33
0.0
 16
1.0
 26
0.0
 36
0.0
 17
0.0
 27
1.0
 37
0.0
 76
0
330
1B
  0
LAYOUT
  5
22
100
AcDbPlotSettings
  1

  2
none_device
  4

  6

 40
0.0
 41
0.0
 42
0.0
 43
0.0
 44
0.0
 45
0.0
 46
0.0
 47
0.0
 48
0.0
 49
0.0
140
0.0
141
0.0
142
1.0
143
1.0
 70
1712
 72
0
 73
0
 74
0
  7

 75
0
147
1.0
148
0.0
149
0.0
100
AcDbLayout
  1
Model
 70
1
 71
0
 10
0.0
 20
0.0
 11
12.0
 21
9.0
 12
0.0
 22
0.0
 32
0.0
 14
0.0
 24
0.0
 34
0.0
 15
0.0
 25
0.0
 35
0.0
146
0.0
 13
0.0
 23
0.0
 33
0.0
 16
1.0
 26
0.0
 36
0.0
 17
0.0
 27
1.0
 37
0.0
 76
0
330
1F
  0
LAYOUT
  5
26
100
AcDbPlotSettings
  1

  2
none_device
  4

  6

 40
0.0
 41
0.0
 42
0.0
 43
0.0
 44
0.0
 45
0.0
 46
0.0
 47
0.0
 48
0.0
 49
0.0
140
0.0
141
0.0
142
1.0
143
1.0
 70
688
 72
0
 73
0
 74
5
  7

 75
16
147
1.0
148
0.0
149
0.0
100
AcDbLayout
  1
Layout2
 70
1
 71
2
 10
0.0
 20
0.0
 11
12.0
 21
9.0
 12
0.0
 22
0.0
 32
0.0
 14
0.0
 24
0.0
 34
0.0
 15
0.0
 25
0.0
 35
0.0
146
0.0
 13
0.0
 23
0.0
 33
0.0
 16
1.0
 26
0.0
 36
0.0
 17
0.0
 27
1.0
 37
0.0
 76
0
330
23
  0
DICTIONARY
  5
37
100
AcDbDictionary
281
1
  3
DIMASSOC
350
3A
  3
HIDETEXT
350
39
  0
DICTIONARYVAR
  5
39
100
DictionaryVariables
280
0
  1
2
  0
DICTIONARYVAR
  5
3A
100
DictionaryVariables
280
0
  1
1
  0
ENDSEC
  0
EOF
